84.2844600526778
94.5085371481311
79.7093928386092
88.3520276100086
88.3240849889307
84.6280991735537
76.5168875161901
82.7898453080364
80.6765061190189
84.2775232503909
102.01912858661
76.4711739520064
65.9227467811159
87.7814607383701
64.0346854546213
96.0900844541758
109.616413916146
99.1607488702389
65.8422101721071
73.1480820058576
63.3245382585752
78.2994341642453
96.6736948107121
74.0901526662325
101.755548194766
126.41975308642
111.018756098442
61.6619831393015
75.0018310993921
68.9701623223547
90.4061212477928
99.840748805616
81.1346169083274
108.459257167067
129.817444219067
110.830507251605
78.199775990225
80.7781045012441
76.9616194007416
78.8420080073914
91.0491997628927
79.140582734369
103.094167393785
118.053954346322
106.844741235392
80.0583758990931
120.399764844209
77.0852152965974
87.8467257649414
113.697768237166
88.5430177258971
80.4314813845107
90.5660377358491
84.4861252440802
76.3932061771069
86.8139942350082
77.2111493703974
89.8902706656913
99.6593673965937
84.1643835616438
79.8274562793961
107.891686861237
77.347231664023
61.8357487922705
69.9182921000523
63.7675142708874
75.6594340319681
96.4218455743879
82.1456266545445
87.7940041725015
113.828368163628
93.4477094360285
95.5996763552623
94.8528730663538
95.9400374765771
64.2059942314927
84.9957114794013
66.733284094365
100.741129402505
124.448045371683
103.101087394281
85.1181735058602
85.5567314654932
82.1895818283972
68.8048736785522
78.5838534738565
71.0305440588222
82.9687246799546
97.3075704783022
86.5376489478577
77.7111633907566
105.901820187534
85.4021294932029
74.240556804176
79.7197353055664
76.5970179025582
82.7274196154468
106.330691218719
88.2657165843006
96.4854423819844
108.936170212766
101.329287198601
75.4958098842496
100.032562683165
76.5092647937836
87.1909857236114
91.8742710171367
88.2910846697707
61.9292410039311
78.1381152231973
57.4130487599753
66.4474822633674
72.9812557907491
71.5350223546945
81.7195147903809
87.6237200148321
79.2937896856125
75.4198173426299
107.499037687651
72.3095753695509
