0.743264642265829
0.886459430630027
0.877128445257929
0.829143654503759
0.853724465908189
0.824452225621455
0.732467635373372
0.821704642024153
0.794023039760537
0.796687052454606
0.819645557561594
0.819266862096561
0.758603551513201
0.930903869500117
0.769291112606717
0.70528562826943
0.902272920071912
0.910306343137215
0.67953577161808
0.731026436518567
0.62158998593799
0.72481373031553
0.804675259284657
0.77298278216375
0.817264035071976
0.979728798884219
0.9998315536612
0.715467201338618
0.827763754029932
0.737584552090889
0.986798167527399
0.929854870404656
0.94099417687782
0.760333514540588
0.795353073897922
0.862150856033738
0.807942878559317
0.929548722399523
0.873672224528442
0.707817422239704
0.748665088156088
0.707996390053369
0.829001960363612
0.92901692171976
0.92799565632835
0.666789978197505
0.800060304198698
0.707999024823374
0.674137808966235
0.791645005062255
0.75461630841973
0.751099174909402
0.794569721681494
0.7400818946504
0.784975983482381
0.829931720562094
0.758213930131955
0.815542321659693
0.926207108643984
0.864666583841533
0.789300915088259
0.792531416376176
0.810270577280594
0.604693251316917
0.683257169860572
0.643297996454815
0.730502586848273
0.772129288332294
0.788258251105758
0.808536594067609
0.816303064991949
0.740944855417576
0.904581987398148
0.951997978466553
0.972575700027963
0.788680077254253
0.812661804302246
0.830685953732793
0.844448611067512
0.954231514689317
0.919039926723104
0.649355214473851
0.76931648404395
0.725685885605365
0.728811141158535
0.831175820255179
0.81044087372138
0.824165205468868
0.965681771307143
0.951622873225115
0.71190507651962
0.679238844637144
0.687533327621937
0.69481180404899
1.07551132970746
0.863494778216197
0.77935435900719
1.17026527215881
0.961504352361453
1.00646063868734
1.02608235979161
1.1523862940988
0.883494804220412
1.19525231592023
0.990140755088999
0.948513617422874
1.06307892143162
0.981886531000978
0.693382465478495
0.942828571347604
0.838805567794345
0.948977407782981
0.939939362243299
0.943899319515134
0.653632715165532
0.977172458075836
0.926758705590972
1.04719162605125
1.11566192590109
1.01484736925666