0.0609422889300049
0.115257436177921
0.0553445654692329
0.033184298342585
0.0980377399920065
0.0848399232729223
0.0806901306100212
0.0815924499694404
0.0409512283596803
0.074637141968764
0.072042867764312
0.069770905271149
0.0501738367996979
0.160116830055662
0.0349220370171463
0.0602875243523747
0.0580492260127204
0.0462227299269397
0.051241452003336
0.101232542773714
0.0600255603213209
0.079417626445972
0.141306923361157
0.178662196290367
0.206942954704437
0.263472500459212
0.193824306998449
0.0772895276441237
0.0791991388852602
0.0739573860786269
0.0794359967216777
0.107206743699411
0.0670466935038547
0.0493230361985499
0.0546996160664587
0.0752752050040029
0.144709643542903
0.164956522821451
0.153794009015113
0.0488327101198953
0.146947316132099
0.0849050268408573
0.0484683193395348
0.131143092333658
0.066071874130906
0.189049085151279
0.155431340456172
0.139597966957707
0.0574345061234013
0.263821217852634
0.180430340380501
0.167479466570999
0.112948946348643
0.150165805482004
0.0651742234898144
0.0661313859410453
0.0448895231549357
0.0491848005748445
0.0460538740947437
0.0426756457175552
0.0659111180368998
0.0560101031574666
0.0851179002917164
0.0539872136356606
0.138653038344492
0.0826140941120605
0.0414428224204353
0.115577275909192
0.092945508415273
0.0473353759094605
0.0485318513341878
0.0479394491702469
0.0580269866739269
0.0802920309199382
0.108039575288087
0.0436597189958779
0.0658963878649122
0.0588816855549386
0.0378626192775054
0.0570805536151515
0.0619863546446209
0.0503768733170609
0.0440126659475002
0.0317270314207282
0.0327899424898042
0.0453395464731637
0.0646944354787317
0.0362878661111632
0.0613319203370001
0.0440326827879357
0.0517002722218457
0.0560213422838436
0.0296329490673207
0.0379242160061362
0.0352221242808663
0.0366334297189844
0.232735334132413
0.250193813816556
0.222716777720448
0.0441979058388361
0.0962123174511674
0.0507074829145235
0.0429845779780408
0.174023883252251
0.0474902836403029
0.129576471703253
0.252406179960505
0.125603438376611
0.0354563492357278
0.0811541969958317
0.0249665864789437
0.100951559283165
0.100320375878846
0.0846244875514982
0.041989323444839
0.0329053656085229
0.0440344984233266
0.0388444916556365
0.0492228672565739
0.0386222502364378
0.120768125807224
0.235490619328342
0.146075545098246
0.159928034023173
0.149335848761517
0.143273063876088
0.0792395453745187
0.108013767960224
0.0862116778488521
0.0423183844895123
0.0673367936089552
0.0813491361135979
0.0496490496032567
0.147572725954558
0.0775965506565227
0.0659194541632475
0.0690494352269324
0.0512297765335429
0.0989058381880207
0.188930206048343
0.0828278556837705
0.123070223196565
0.253973051129682
0.102539367011937
0.111327188057154
0.168056907634038
0.110864287792965
0.0728149931848357
0.0757665015066448
0.0654286815466371
0.112179657624769
0.1399969532456
0.114946018008369
0.17309863052918
0.180785737708195
0.117573637903191
0.0909567459875471
0.134910100222345
0.14380115806727
0.0708519482568284
0.0861599503961688
0.0733560161116528
0.0547386797154661
0.111360470130572
0.11400084709511
0.0670347423294061
0.163024167820805
0.151514448947568
0.118861512853933
0.168350744059956
0.141826002218237
0.0322637063923419
0.0972103283174235
0.0411034193882054
0.0575429331082631
0.10664957433615
0.0857873824806392
0.239975334007551
0.275214316692238
0.221667250912867
0.143613336919866
0.216649350084035
0.14827334509751
0.0510832574791415
0.155370662705999
0.0746194293020007
0.0623960084810781
0.0731656794900435
0.0681848659010744
0.0617188416619165
0.0608933101038246
0.0738303621833941
0.0356297232884462
0.0683975751662577
0.0602827430182119
0.177993517031198
0.199693915768741
0.129228732151825
0.107997111750661
0.134394943446147
0.133744147112344
0.107563314480777
0.176718540160853
0.102032985126129
0.0626399732190864
0.0606562685322994
0.0558174455168992
0.151180289712927
0.129831346970583
0.190512885574795
0.0497991836148617
0.0598882061127147
0.0464274830657474
0.0962233781210486
0.245685979315214
0.18473029075763
0.078824746002663
0.0803729397402476
0.0738799682525628
0.0426444028081771
0.0995624533212211
0.0852666460658611
0.149159719692451
0.145777741532169
0.210217082573408
0.140374196144846
0.154358125809647
0.224691858596035
0.094690207969339
0.131940959767932
0.172059942914906
0.170575854139113
0.16862040704974
0.196738547815669
0.0861400232447046
0.152954566398095
0.0947998228270196
0.0624159143242887
0.129851557295126
0.121408089208359
0.0874332283947654
0.180098489783216
0.0872866631035399
0.140860322021781
0.176083373983169
0.130683875426174
0.0692195488692758
0.04914153490043
0.0397839473249382
0.162960130374576
0.195615073012562
0.158658885208658
0.0279897169979165
0.105776141200382
0.0433474397281466
0.0757976049625886
0.11046692279439
0.0656042154010404
0.090744046003074
0.253326476795569
0.137715316957507
0.146415124798263
0.204123237856351
0.155080863412177
0.112827275039704
0.17069782162508
0.10831894704149
0.074499425598628
0.120266819754101
0.0820574938196973
0.0700773554716614
0.0830040501130889
0.0790111973705806
0.148264507508087
0.187446085271431
0.107287163124731
0.102291097913871
0.165184787213438
0.0848263136069267
0.10307228714038
0.140639116252332
0.0947153638008707
0.101499720606917
0.0796914737467192
0.0367810330047377
0.0747019912133359
0.0782349401827497
0.056093932757762
0.141214625224882
0.178361999445763
0.18073890284971
0.0761302491563478
0.0747712129420341
0.133951473721447
0.160741023352351
0.138232147565885
0.110939664656268
0.0870574913277797
0.125193021393731
0.120271622040043
0.19100418880044
0.14814967533618
0.146904422665449
0.0534017712323567
0.0449159161174897
0.0366528140418022
0.160606969921013
0.191824702079952
0.186051377123842
0.0505819403627141
0.0871658301931146
0.0793676839153445
0.114937284607056
0.179493882917304
0.115670999872082
0.168028341790868
0.14965243463209
0.105519583468511
0.153485306504028
0.137350659054956
0.156956414446922
0.101413905532292
0.0814851589814386
0.0453116168047723
0.0727467754939021
0.0807375032702244
0.0952815728345673
0.0660780972712822
0.0935845949675825
0.085022368178708
0.0768663209814377
0.0934666048773599
0.0667568186724959
0.0407058445209623
0.0432658536492664
0.0311203009430378
0.108904420764628
0.124295549847718
0.162974489255117
0.118731217890349
0.197350155417269
0.152444564263608
0.050765956433459
0.0684185932295373
0.111648725241722
0.0843796394702483
0.0686306451774322
0.041114161715489
0.0678191519312278
0.108040423635676
0.0982053334593024
0.0773575773088735
0.101115943356761
0.139702510406082
0.0804579630217211
0.0802585241500464
0.076704315577535
0.055661282717305
0.0846556715623831
0.110374634983315
0.0608791564051319
0.208704947457931
0.0671222485353871
0.0746472025632813
0.09578839122965
0.151765857206586
0.164185514831938
0.266506683385594
0.225675475180528
0.21064546993087
0.247426959162494
0.194288096172338
0.0972396972248924
0.134164640073737
0.122344516229537
0.113343109387157
0.116174812728624
0.137759268975962
0.0618463113753089
0.12753772094904
0.106012103722994
0.113624008274972
0.111503943272251
0.0804841346822121
