34
20
19
60
37
35
65
57
60
59
74
40
63
104
61
74
142
63
71
90
31
39
85
55
76
41
39
50
72
51
58
45
48
66
55
64
81
159
37
54
75
54
105
213
75
90
88
122
79
86
95
76
56
65
100
62
69
84
34
38
65
89
31
83
69
75
93
262
215
47
27
26
38
34
30
88
98
91
77
87
77
121
98
92
139
112
101
85
121
71
75
108
70
107
148
67
88
72
103
34
64
43
54
64
25
43
46
37
53
72
38
70
57
44
89
215
122
149
127
82
247
123
96
81
185
49
122
150
120
52
47
57
143
64
55
86
131
85
105
67
43
55
37
65
97
125
96
48
62
35
188
170
283
211
291
121
72
84
67
98
184
146
38
66
87
56
76
97
49
69
35
47
42
36
72
70
81
46
79
46
144
99
130
110
158
116
48
67
54
86
156
73
52
94
57
66
78
81
35
74
39
69
48
31
48
126
79
53
158
56
70
66
60
57
61
48
111
80
58
33
68
91
202
103
86
121
179
67
178
218
146
142
119
73
154
126
79
75
145
233
59
62
51
72
100
73
51
91
46
80
88
35
70
74
36
76
118
90
17
143
23
65
132
41
44
68
65
37
97
21
85
118
78
64
81
106
80
168
99
28
43
68
95
177
87
53
73
72
45
32
30
90
143
97
54
67
52
26
54
16
158
160
55
64
77
49
31
27
29
54
63
80
83
53
119
108
121
99
201
149
178
39
80
59
69
54
95
78
148
109
60
72
58
40
73
34
86
152
92
81
99
82
92
43
67
44
121
42
44
122
70
53
90
37
56
67
36
87
113
60
49
62
46
31
38
26
182
148
194
39
41
27
58
103
128
117
135
84
49
94
52
182
101
131
