141.244705510306
74.4688587605839
69.0668946678278
224.571420075234
40.3779699172653
387.065307515973
42.0111478935008
30.1524871174677
45.5374216213812
67.8963486649897
69.4509887913186
32.9006554427451
50.7269417755351
28.0377243687253
27.094378108974
398.89628307093
234.643752237737
157.144391756058
23.9470338175632
17.4773852193207
32.0617188087068
93.9399645600668
63.139721297324
55.1559040038303
177.245790060435
313.12412143783
356.62715156386
25.6472871857487
17.6549187511674
28.0394653483339
87.9484676947101
75.6200662083015
82.9833585188081
365.966676525683
128.408154491061
896.705565695113
18.3540376952667
13.0886748132164
86.7639048598923
74.5985954483201
73.9081458262983
113.210328477016
348.623243763909
377.257844403971
281.528612387573
98.9454833577047
128.512040160013
61.5242198209104
53.1602855288774
159.134935091219
41.7455758361901
26.7998906601683
31.5961615600605
40.0855340741719
8.37489429149539
18.5039330827592
12.4809886435298
168.713958810069
72.3322372427232
82.7315161102844
54.4587511596712
124.854448244539
41.0989777740729
40.9648295377981
11.1905597137665
18.2489816925645
65.3809876220742
53.3792509685751
110.045790113074
204.29824351393
80.5456970978379
300.20830654494
79.6943364196405
43.8901032960439
79.2990272112097
38.7910846626443
47.2929888859092
35.1891204604383
82.2234960599011
246.795205836373
92.7165945747952
121.94263228746
39.3619065923506
132.929770502108
112.574994804829
22.5973185299973
56.1494048963004
90.69510908803
37.89492099057
159.688109161793
95.6618464961068
87.3291122884094
187.913963810174
26.9469367767564
26.2211010284118
75.8067688845364
116.09977324263
105.22305764411
138.67472915092
277.477853048463
173.82251092049
496.692830055561
20.0051411238497
45.828857858933
37.6827123413697
220.022579117958
106.458739441196
347.268467135282
56.3559314511333
28.0613842781084
20.2752202752203
14.1551599674382
15.8919841700939
40.1539653609308
93.3621544411225
34.3701666953085
79.7035417046352
15.5586722767648
72.5140837065073
19.1381158949843