0.00972517606366512
-0.00291294653690368
-0.00440741973463872
-0.0220423303130434
-0.0359222715353085
-0.0139906322796291
0.0212164005511718
0.00387532729187355
0.0248624199777805
0.0143025847163933
0.00915404195434615
-0.00567924781874628
-0.00224239370342317
-0.0222658160248605
-0.00537574422747164
0.0125601397091706
-0.0116772929522179
-0.0246316918017573
0.0512877496667387
0.0338792102725685
0.0310907833525758
0.00162073817650394
-0.00159469436200355
-0.00704600874169672
0.00281286715631086
-0.012777202198104
-0.0198836055443911
0.0159301678502239
0.00834519943911935
0.00957450778470945
-0.00751545246920696
-0.00896943825163258
-0.0150293721056091
0.0119461509498501
0.0220826252449277
-0.0110070532327467
0.017120624989067
-0.00242222902135621
0.0143093764811497
0.00974208154457066
0.00229637588639194
0.00888487288804338
0.00752550440669279
0.000683509237410111
-0.0197316666860838
0.0121322736710938
-0.0215930501989045
-0.00568835605537212
0.00592040736741911
0.00911645002177219
-0.00575648607037426
0.00246621891359909
0.00380581044619428
0.000848181317872971
0.0152980526827099
0.000429875923321103
0.0107758708089848
0.0109327455205195
-0.00899395102914343
-0.00737875785379637
0.000231204176555564
0.00850944421981875
-0.000550103635129091
0.022331257156912
0.0244253654054903
0.00462659819244475
0.0112262192773084
0.00171331991200221
-0.00627124966734727
-0.00563249924843983
0.0135552472961741
0.00385325814037548
-0.0131040733301537
-0.0114570903186345
-0.0137285481406033
-0.00477718738863316
0.000542817008619415
-0.00761713904000751
0.0183660807604868
0.00871485979522944
0.0160433163076928
0.0078369896619908
0.0038760684005976
-0.00158660715709043
0.0214660056601465
0.00471840202367467
-0.000827059039272507
-0.0122048407698995
-0.0177205383489549
-0.0266259228340776
-0.0094746491827593
0.0156169256899124
-0.00362480629885803
0.0143027835554092
-0.00729706314882844
-0.00434886519013875
-0.014307461983865
-0.0401271975149579
-0.029225946297362
-0.020246058786249
-0.015905934094418
-0.0289966158875798
-0.00679142662414734
-0.0454112468439083
-0.0246254252103662
-0.0275389505276314
-0.0303314932664388
-0.0285488089241207
0.0210173631327869
-0.0090584666241316
-0.00858065266212099
0.0130639414205541
0.00465372115930475
0.00658843018675434
0.0150383594624666
-0.0166931815602622
-0.0287295383634127
-0.0241297645165273
-0.0193474433755161
-0.0214396593385461