1.91333953525428
2.14228820170918
1.43569385913515
1.83143991938893
1.28655101781014
1.23446490241182
1.78898584227082
0.781327863252142
1.77759410011768
2.63577158179204
2.29189489720328
2.03162334518917
2.00300364478932
1.60979627308055
1.93515660520225
3.21606291054295
2.59892187258335
3.25895315153774
2.04065856590179
1.13382855639646
1.7976505992334
2.62918612723817
3.27113596102292
2.27486130548224
0.536037590782452
0.374938872016377
0.369518555091544
3.69165143322362
4.90900100677803
2.78534200218097
1.75873382754996
1.53948426636608
1.43586404316659
2.92663143258175
3.35909308303499
2.68009634240008
1.65237595089518
2.6039376671707
3.08766030070302
2.30790504077234
1.65797396364029
1.74683189890395
1.93323159614896
1.4650976035707
1.95066645813811
0.964974515402078
0.898127554346102
1.04130017262094
1.75546933887023
1.15798082904851
1.66357162761607
1.43367200860157
3.90913488059264
0.791108026280841
2.14217938927183
1.79219794842231
2.23997428363877
1.73202797249964
1.0172715504196
1.24472266676117
2.57251152045741
2.67314577776237
1.8407503756241
2.09206877242554
0.85260482648944
2.07532874948484
5.42034168301589
5.12578490166253
6.37855684118097
2.80431000948476
1.73575604900086
2.41140062969827
1.85782947749355
1.88190428688523
1.34495891564575
1.51237438251666
1.52210134018344
1.21260961590721
1.83924149051741
1.44785714026126
1.40619508619835
1.78771900429957
1.44770500106231
1.72418095198045
5.3406220716932
5.71290143011626
6.22276026025396
4.95835011646514
5.4690020600039
4.35920104538089
2.69275946240106
2.80287584924258
2.74817869435809
4.22688000783543
3.48973561543148
4.40155595925967
0.973041245389088
1.02583717358359
1.13886340066611
4.13731839231253
3.57870996222009
4.78128275639668
0.559107201243955
0.191067476997155
0.24987426602528
0.458192416939459
0.137749666004102
0.546847233324073
5.05119373950013
4.88369092654671
5.20813593656942
2.90459943767717
2.67696886807807
2.63008341778862
4.26360853533775
4.86964490052342
2.97746443029678
6.05621611943996
5.68352074240722
5.87361536987568
2.5985075056846
1.67932890217114
2.19277635169122
0.786410263556961
0.599614990598673
1.07759167276111
9.82927026908497
11.0138178946526
9.09371315910957
2.00204425561237
1.62481975739207
2.06816187108333
1.96545751020107
1.57842274198597
1.82853781379881
2.07329161757136
2.16366048736893
2.17134638419633
1.13412599278065
0.842850462923121
1.03018965564988
0.566283028125776
0.606846101805761
0.671586501283365
5.25657707497513
6.32935874494042
5.13129383066285
2.00075619404721
1.92079087257836
2.77590920552153
6.96609347181693
8.12917425993627
5.42547587964783
1.26863942225437
2.24249246128586
1.2087736585422
2.10273524244161
2.56075388802479
3.81083676786221
15.9545874755864
17.118792509606
18.6547628240948
1.11382355335658
1.040711135314
1.04250809413281
2.75697343374967
2.57658826802155
2.19814005654582
5.06862042007252
5.06812691704038
2.73994715578061
6.33670343833403
5.834968750314
4.98706122057166
1.06643640904928
0.670769486565197
0.924785312256374
0.39621191703989
0.766748418320949
0.235116374723464
2.2885655979001
1.72084490405809
2.14623090449858
9.56456774526428
7.06507815827848
7.9727110866159
3.33494108906291
3.66951157236595
3.02849028927719
6.37227411770144
10.0316270485472
7.22044390803364
1.82437186208865
1.25220566746367
1.75797216404073
1.58925245202212
0.861667990199941
1.76729638181334
2.03973389132553
1.67473066504048
1.23991548480868
0.874548022212361
0.823047562368794
0.887638037906388
2.19066225283323
1.65452639545044
1.72644675779769
1.35802470940499
1.19898372421987
1.31383216728596
2.15964106004694
1.7458517090247
1.96265147443076
0.927943910945276
1.49091378560436
0.549486355787602
3.63260551248926
2.84535648032639
3.30065928823897
4.12902009059767
3.29120634630649
3.77775226573918
1.72538590114592
1.25127093353467
1.69270383314976
4.59662883181276
4.21835727469134
3.98352813435434
5.57879642520853
6.15214362006377
3.85820520353329
10.6360123351529
18.5888458359186
9.4420736049484
2.04939115440364
1.6485499397141
2.43560815644866
6.35448378060155
7.0831541772018
5.65257081518307
2.80855720681564
1.16057246095939
3.10538394718459
3.98836987897716
3.76364097688739
3.46684196411782
2.54565630562337
4.01142714946195
2.6624437793192
1.3695580366263
1.43636796095376
1.56044915448166
4.58434931101852
5.83626569564042
4.52789348136896
1.47080976376537
1.37350760470441
1.11124682407486
1.42618592922815
1.11517079612896
1.17329025009852
10.6507488169023
14.1455128659273
10.4921838447952
1.49274162187218
1.25428915126031
1.258294590068
1.16346947872836
1.2428853506499
1.23885135683112
1.55078439998587
1.02059861733252
1.33949600711453
2.49247043271268
1.891792087238
2.06888430140989
1.75842542736995
1.37123562412484
1.78402592930927
2.84996727841841
1.99836027503161
1.49503509398456
8.3356992831037
8.84844285591731
8.39102625098947
1.39690987064554
1.10543842526393
1.24981381787959
6.02915877053363
14.0102099841382
8.1948211747994
1.64605193054292
1.26498065895029
1.51724648121641
1.07115921218897
1.19676808970771
0.85874166970009
1.30950658231681
1.5094995831853
1.33831773437155
2.16194029838257
1.63771817734715
1.87187976780468
4.9698803600237
4.46188126135973
5.28708471715325
1.67500288869807
1.20485742881864
1.32371142651781
1.64587784215552
1.12709132982547
1.01711430914439
2.83810465856801
4.07415415478278
3.00377789143944
1.99580791281466
1.39803858861496
2.33250960509085
1.88542486845078
1.23814394710155
1.59565334565088
1.63407760191445
1.57459003795659
1.70985961294268
4.29426448313646
4.77675261449995
4.66938820998381
2.11498759368448
2.15100733994318
1.90500098868424
4.06179591359633
3.25408911885579
4.69206292105266
2.6815627554629
3.84249924808902
2.83696755096387
0.660947023776958
0.776122504112515
0.615136387057072
1.5414252605419
1.39873992622959
1.51852111960713
4.93905101385712
6.67261839308823
4.21963992977614
3.03369367460382
3.37855005000919
3.63618876093143
2.0367194413309
1.83821933215662
1.78903236199778
2.97893653055243
3.25070107176244
2.62342178632042
8.82447869859945
11.5913309793777
9.32532817747544
3.00403439028507
4.83176178005852
3.82587750659694
3.70286855891866
4.22924365912333
3.83440096701593
0.667787961183943
0.697646873857095
0.545948192560331
2.25906300659921
1.9932773594469
2.09007070571559
4.65339005618954
3.88004265178884
4.6266420747921
1.60482089756368
0.952899147462427
1.58666124461853
7.35840074829646
6.92862236767062
7.46155864299841
5.3689806605958
33.36207803719
64.3474170430451
2.90497836187666
2.32867024020748
2.18538034393705
