0.16015625
0.1796875
0.15234375
0.1328125
0.135664205076753
0.131415616073906
0.134692159919328
0.127423094418627
0.112879684662979
0.13671875
0.1328125
0.162109375
0.154296875
0.130859375
0.14453125
0.140625
0.149512384280085
0.1484375
0.147219442545457
0.116692935716785
0.108018657164305
0.125
0.192987817722098
0.136134111691325
0.112223212582904
0.112223212582904
0.113790184011866
0.125
0.113790184011866
0.114307817124763
0.0847165490963476
0.109375
0.123506965884939
0.0914444751707928
0.0907168055931367
0.109012785343495
0.125
0.115234375
0.12890625
0.154296875
0.14453125
0.142708974997498
0.125
0.120556465727521
0.138671875
0.158203125
0.120083068258992
0.1484375
0.0974685344175676
0.10948159388812
0.104616768344564
0.126953125
0.125
0.113574165629251
0.095703125
0.107421875
0.10546875
0.126953125
0.125951371465305
0.12890625
0.14453125
0.14453125
0.135737511439671
0.119140625
0.1328125
0.133138784626912
0.126771085965437
0.0989522569369499
0.0933168905461649
0.115755503572528
0.0860753048649309
0.108560579713403
0.166015625
0.158203125
0.169921875
0.158203125
0.150390625
0.1640625
0.117054541828336
0.117054541828336
0.122553101096619
0.117592323485452
0.111997103924799
0.112120181249007
0.166015625
0.146484375
0.153157089077624
0.13671875
0.103412566226136
0.11259307978783
0.132303409564199
0.123046875
0.125
0.111328125
0.0959116182102927
0.099609375
0.107228470308609
0.0818710717386524
0.0968754677707475
0.215852776178974
0.166400287507973
0.171756191469818
0.1796875
0.155714385828888
0.1640625
0.125721650317084
0.12651175166802
0.123286225937706
0.1328125
0.133219053564189
0.132659475304132
0.126704461134506
0.11020381453839
0.0718678908694224
0.100185313809348
0.0884578499349552
0.0762667039588746
0.0923813615117232
0.0923813615117232
0.115827261830181